0 0 0
0 1 3197
0 2 1799
0 3 2724
0 4 1815
0 5 2001
0 6 1487
0 7 2620
0 8 882
0 9 1503
0 10 1958
0 11 1963
0 12 2695
0 13 1792
0 14 2168
0 15 1872
0 16 2217
0 17 1755
0 18 2322
0 19 2027
0 20 2460
0 21 762
0 22 1604
0 23 2552
0 24 1167
0 25 2663
0 26 2814
0 27 2248
0 28 1924
0 29 2901
0 30 1547
0 31 1498
0 32 1494
0 33 3939
1 0 3420
1 1 0
1 2 3950
1 3 1030
1 4 2277
1 5 3678
1 6 2583
1 7 3831
1 8 3009
1 9 3144
1 10 2126
1 11 4205
1 12 1903
1 13 4016
1 14 2483
1 15 2974
1 16 1288
1 17 4059
1 18 1588
1 19 1987
1 20 3440
1 21 3243
1 22 2299
1 23 1834
1 24 3623
1 25 1308
1 26 3621
1 27 1836
1 28 4227
1 29 2290
1 30 3573
1 31 3063
1 32 3456
1 33 3486
2 0 1776
2 1 4177
2 2 0
2 3 3183
2 4 2829
2 5 1005
2 6 2501
2 7 1787
2 8 1896
2 9 2517
2 10 2971
2 11 1036
2 12 3709
2 13 1002
2 14 2756
2 15 2181
2 16 3230
2 17 1045
2 18 2775
2 19 3040
2 20 2091
2 21 1312
2 22 2618
2 23 3001
2 24 1766
2 25 3115
2 26 1818
2 27 3262
2 28 1214
2 29 3332
2 30 1169
2 31 1979
2 32 2508
2 33 4952
3 0 2917
3 1 995
3 2 3088
3 3 0
3 4 1414
3 5 2815
3 6 2080
3 7 2969
3 8 2334
3 9 2423
3 10 1623
3 11 3343
3 12 1041
3 13 3154
3 14 1621
3 15 2112
3 16 785
3 17 3196
3 18 726
3 19 1484
3 20 2577
3 21 2740
3 22 1797
3 23 971
3 24 3011
3 25 446
3 26 2759
3 27 1258
3 28 3365
3 29 1428
3 30 2711
3 31 2200
3 32 2594
3 33 2983
4 0 1892
4 1 2237
4 2 2752
4 3 1242
4 4 0
4 5 2954
4 6 1055
4 7 3220
4 8 1482
4 9 1026
4 10 1583
4 11 2916
4 12 880
4 13 2745
4 14 2590
4 15 2472
4 16 1659
4 17 2709
4 18 1695
4 19 1652
4 20 3059
4 21 1715
4 22 1184
4 23 1941
4 24 2095
4 25 1415
4 26 3588
4 27 927
4 28 2878
4 29 2397
4 30 2500
4 31 2097
4 32 2094
4 33 3564
5 0 1983
5 1 3733
5 2 1209
5 3 2738
5 4 3035
5 5 0
5 6 2707
5 7 1656
5 8 2102
5 9 2724
5 10 3178
5 11 795
5 12 3243
5 13 871
5 14 2485
5 15 2093
5 16 3523
5 17 1269
5 18 2330
5 19 3247
5 20 1721
5 21 1519
5 22 2825
5 23 2557
5 24 1858
5 25 2670
5 26 1214
5 27 3469
5 28 1438
5 29 2887
5 30 1260
5 31 1995
5 32 2752
5 33 5159
6 0 1571
6 1 2527
6 2 2431
6 3 2054
6 4 1228
6 5 2633
6 6 0
6 7 2898
6 8 1160
6 9 1295
6 10 1288
6 11 2595
6 12 2000
6 13 2424
6 14 2446
6 15 2150
6 16 1547
6 17 2387
6 18 2560
6 19 1357
6 20 2738
6 21 1394
6 22 935
6 23 2805
6 24 1774
6 25 2280
6 26 3267
6 27 1578
6 28 2556
6 29 3179
6 30 2179
6 31 1776
6 32 1773
6 33 3269
7 0 2412
7 1 3407
7 2 1567
7 3 2412
7 4 2942
7 5 1779
7 6 2614
7 7 0
7 8 1745
7 9 2631
7 10 3085
7 11 1804
7 12 2917
7 13 1297
7 14 1986
7 15 1411
7 16 3197
7 17 1675
7 18 2004
7 19 3154
7 20 1109
7 21 1757
7 22 2732
7 23 2231
7 24 1563
7 25 2345
7 26 2111
7 27 3376
7 28 1844
7 29 2562
7 30 1190
7 31 1152
7 32 1870
7 33 5066
8 0 1055
8 1 2999
8 2 1915
8 3 2145
8 4 1665
8 5 2117
8 6 1289
8 7 2034
8 8 0
8 9 1177
8 10 1760
8 11 2079
8 12 2546
8 13 1908
8 14 1582
8 15 1286
8 16 2019
8 17 1872
8 18 1737
8 19 1829
8 20 1874
8 21 878
8 22 1407
8 23 1966
8 24 984
8 25 2077
8 26 2403
8 27 2050
8 28 2041
8 29 2315
8 30 1663
8 31 912
8 32 909
8 33 3741
9 0 1677
9 1 3077
9 2 2537
9 3 2271
9 4 1029
9 5 2739
9 6 1363
9 7 2969
9 8 1040
9 9 0
9 10 1838
9 11 2701
9 12 1909
9 13 2530
9 14 2517
9 15 2222
9 16 2097
9 17 2494
9 18 2724
9 19 1907
9 20 2809
9 21 1500
9 22 1485
9 23 2901
9 24 1919
9 25 2444
9 26 3338
9 27 1809
9 28 2662
9 29 3250
9 30 2285
9 31 1847
9 32 1844
9 33 3819
10 0 2244
10 1 2005
10 2 3104
10 3 1599
10 4 1640
10 5 3306
10 6 1406
10 7 3571
10 8 1833
10 9 1968
10 10 0
10 11 3267
10 12 2306
10 13 3097
10 14 3052
10 15 2823
10 16 1025
10 17 3060
10 18 2156
10 19 835
10 20 3411
10 21 2067
10 22 1123
10 23 2402
10 24 2446
10 25 1877
10 26 3940
10 27 1434
10 28 3229
10 29 2858
10 30 2852
10 31 2449
10 32 2446
10 33 2747
11 0 1913
11 1 4220
11 2 1277
11 3 3225
11 4 2966
11 5 891
11 6 2638
11 7 1630
11 8 2033
11 9 2654
11 10 3109
11 11 0
11 12 3730
11 13 845
11 14 2818
11 15 2243
11 16 3368
11 17 1336
11 18 2817
11 19 3178
11 20 2153
11 21 1449
11 22 2755
11 23 3044
11 24 1828
11 25 3157
11 26 1739
11 27 3399
11 28 1505
11 29 3374
11 30 1231
11 31 2041
11 32 2722
11 33 5090
12 0 2762
12 1 1941
12 2 3622
12 3 947
12 4 869
12 5 3250
12 6 1924
12 7 3403
12 8 2351
12 9 1895
12 10 2121
12 11 3785
12 12 0
12 13 3614
12 14 2056
12 15 2546
12 16 1732
12 17 3578
12 18 1160
12 19 2190
12 20 3012
12 21 2584
12 22 1722
12 23 1406
12 24 2964
12 25 880
12 26 3193
12 27 1363
12 28 3747
12 29 1862
12 30 3145
12 31 2635
12 32 2964
12 33 3930
13 0 1708
13 1 4049
13 2 1157
13 3 3054
13 4 2761
13 5 821
13 6 2433
13 7 978
13 8 1828
13 9 2449
13 10 2904
13 11 840
13 12 3559
13 13 0
13 14 2628
13 15 2053
13 16 3162
13 17 1266
13 18 2646
13 19 2973
13 20 1933
13 21 1244
13 22 2550
13 23 2872
13 24 1518
13 25 2986
13 26 1523
13 27 3194
13 28 1435
13 29 3203
13 30 1041
13 31 1850
13 32 2532
13 33 4884
14 0 2398
14 1 2513
14 2 2603
14 3 1518
14 4 2590
14 5 2562
14 6 2632
14 7 2485
14 8 1762
14 9 2648
14 10 3141
14 11 2840
14 12 2023
14 13 2669
14 14 0
14 15 1540
14 16 2303
14 17 2712
14 18 1110
14 19 3002
14 20 2093
14 21 2221
14 22 2749
14 23 1366
14 24 2396
14 25 1450
14 26 2505
14 27 2776
14 28 2881
14 29 997
14 30 2227
14 31 1585
14 32 2022
14 33 4501
15 0 2101
15 1 3179
15 2 1981
15 3 2184
15 4 2663
15 5 2092
15 6 2335
15 7 1862
15 8 1465
15 9 2351
15 10 2806
15 11 2218
15 12 2689
15 13 2047
15 14 1629
15 15 0
15 16 2969
15 17 2090
15 18 1776
15 19 2875
15 20 1471
15 21 1924
15 22 2452
15 23 2005
15 24 1927
15 25 2116
15 26 2035
15 27 3096
15 28 2259
15 29 2362
15 30 1604
15 31 1226
15 32 1725
15 33 4786
16 0 2406
16 1 1314
16 2 3266
16 3 893
16 4 1638
16 5 3540
16 6 1568
16 7 3694
16 8 1995
16 9 2130
16 10 1112
16 11 3429
16 12 1765
16 13 3259
16 14 2346
16 15 2837
16 16 0
16 17 3222
16 18 1450
16 19 973
16 20 3302
16 21 2229
16 22 1285
16 23 1696
16 24 2609
16 25 1171
16 26 3483
16 27 883
16 28 3391
16 29 2152
16 30 3014
16 31 2611
16 32 2608
16 33 2471
17 0 1604
17 1 4038
17 2 1038
17 3 3041
17 4 2657
17 5 1268
17 6 2329
17 7 2058
17 8 1724
17 9 2345
17 10 2800
17 11 1299
17 12 3537
17 13 1273
17 14 2614
17 15 2039
17 16 3058
17 17 0
17 18 2633
17 19 2869
17 20 1949
17 21 1140
17 22 2446
17 23 2859
17 24 1624
17 25 2973
17 26 2081
17 27 3090
17 28 854
17 29 3190
17 30 1027
17 31 1837
17 32 2336
17 33 4780
18 0 2471
18 1 1630
18 2 2590
18 3 636
18 4 1707
18 5 2318
18 6 2582
18 7 2471
18 8 1836
18 9 2733
18 10 2259
18 11 2845
18 12 1140
18 13 2656
18 14 1123
18 15 1614
18 16 1421
18 17 2698
18 18 0
18 19 2120
18 20 2079
18 21 2294
18 22 2380
18 23 594
18 24 2513
18 25 568
18 26 2261
18 27 1894
18 28 2867
18 29 809
18 30 2213
18 31 1702
18 32 2096
18 33 3619
19 0 2198
19 1 1777
19 2 3058
19 3 1371
19 4 1593
19 5 3260
19 6 1360
19 7 3525
19 8 1787
19 9 1922
19 10 904
19 11 3221
19 12 2260
19 13 3050
19 14 2824
19 15 2777
19 16 797
19 17 3014
19 18 1928
19 19 0
19 20 3365
19 21 2021
19 22 1077
19 23 2174
19 24 2400
19 25 1649
19 26 3961
19 27 1388
19 28 3183
19 29 2630
19 30 2806
19 31 2403
19 32 2400
19 33 2387
20 0 2561
20 1 3490
20 2 1903
20 3 2496
20 4 3123
20 5 1794
20 6 2795
20 7 1317
20 8 1925
20 9 2811
20 10 3266
20 11 2140
20 12 3001
20 13 1972
20 14 2070
20 15 1494
20 16 3281
20 17 2011
20 18 2088
20 19 3335
20 20 0
20 21 2093
20 22 2912
20 23 2314
20 24 1843
20 25 2428
20 26 1342
20 27 3556
20 28 2180
20 29 2645
20 30 1526
20 31 1167
20 32 2082
20 33 5246
21 0 892
21 1 3327
21 2 1202
21 3 2854
21 4 1945
21 5 1404
21 6 1617
21 7 1980
21 8 1012
21 9 1633
21 10 2088
21 11 1365
21 12 2825
21 13 1194
21 14 2298
21 15 2002
21 16 2347
21 17 1158
21 18 2453
21 19 2157
21 20 1932
21 21 0
21 22 1735
21 23 2682
21 24 1103
21 25 2793
21 26 2217
21 27 2378
21 28 1327
21 29 3031
21 30 1077
21 31 1720
21 32 1625
21 33 4069
22 0 1745
22 1 2221
22 2 2605
22 3 1854
22 4 1151
22 5 2807
22 6 908
22 7 3072
22 8 1334
22 9 1469
22 10 982
22 11 2769
22 12 1817
22 13 2598
22 14 2620
22 15 2324
22 16 1241
22 17 2561
22 18 2359
22 19 1051
22 20 2912
22 21 1568
22 22 0
22 23 2605
22 24 1948
22 25 2079
22 26 3441
22 27 1281
22 28 2730
22 29 3061
22 30 2353
22 31 1950
22 32 1947
22 33 2963
23 0 2676
23 1 1894
23 2 2813
23 3 899
23 4 1971
23 5 2497
23 6 2845
23 7 2694
23 8 2041
23 9 2996
23 10 2522
23 11 3024
23 12 1404
23 13 2879
23 14 1346
23 15 1819
23 16 1684
23 17 2921
23 18 578
23 19 2383
23 20 2302
23 21 2499
23 22 2643
23 23 0
23 24 2718
23 25 831
23 26 2440
23 27 2157
23 28 3090
23 29 1370
23 30 2436
23 31 1908
23 32 2301
23 33 3882
24 0 1178
24 1 3562
24 2 1555
24 3 2777
24 4 2180
24 5 1767
24 6 1852
24 7 1823
24 8 1039
24 9 1868
24 10 2323
24 11 1792
24 12 3060
24 13 1638
24 14 2214
24 15 1800
24 16 2582
24 17 1663
24 18 2369
24 19 2392
24 20 1693
24 21 1090
24 22 1969
24 23 2598
24 24 0
24 25 2709
24 26 2505
24 27 2613
24 28 1832
24 29 2947
24 30 1191
24 31 934
24 32 1600
24 33 4304
25 0 2686
25 1 1544
25 2 2804
25 3 550
25 4 1621
25 5 2532
25 6 2496
25 7 2685
25 8 2050
25 9 2647
25 10 2173
25 11 3059
25 12 1054
25 13 2870
25 14 1338
25 15 1829
25 16 1335
25 17 2913
25 18 442
25 19 2034
25 20 2294
25 21 2509
25 22 2294
25 23 688
25 24 2727
25 25 0
25 26 2475
25 27 1808
25 28 3082
25 29 1144
25 30 2427
25 31 1917
25 32 2310
25 33 3533
26 0 2770
26 1 3620
26 2 1997
26 3 2625
26 4 3589
26 5 1162
26 6 3261
26 7 2268
26 8 2392
26 9 3278
26 10 3732
26 11 1744
26 12 3130
26 13 1544
26 14 2372
26 15 1980
26 16 3410
26 17 2057
26 18 2217
26 19 3801
26 20 1276
26 21 2306
26 22 3379
26 23 2429
26 24 2534
26 25 2558
26 26 0
26 27 3884
26 28 2226
26 29 2775
26 30 2048
26 31 1882
26 32 2652
26 33 5608
27 0 2543
27 1 1777
27 2 3403
27 3 1276
27 4 1027
27 5 3605
27 6 1706
27 7 3870
27 8 2133
27 9 1901
27 10 1455
27 11 3567
27 12 1489
27 13 3396
27 14 2729
27 15 3123
27 16 819
27 17 3360
27 18 1833
27 19 1524
27 20 3710
27 21 2366
27 22 1402
27 23 2079
27 24 2746
27 25 1554
27 26 3866
27 27 0
27 28 3529
27 29 2535
27 30 3151
27 31 2748
27 32 2745
27 33 3259
28 0 1770
28 1 4204
28 2 1203
28 3 3206
28 4 2822
28 5 1434
28 6 2494
28 7 2224
28 8 1889
28 9 2511
28 10 2965
28 11 1465
28 12 3703
28 13 1439
28 14 2780
28 15 2205
28 16 3224
28 17 866
28 18 2798
28 19 3034
28 20 2115
28 21 1306
28 22 2612
28 23 3025
28 24 1790
28 25 3139
28 26 2247
28 27 3256
28 28 0
28 29 3355
28 30 1192
28 31 2003
28 32 2502
28 33 4946
29 0 3017
29 1 2350
29 2 3135
29 3 1355
29 4 2427
29 5 2863
29 6 3301
29 7 3017
29 8 2381
29 9 3267
29 10 2978
29 11 3390
29 12 1860
29 13 3201
29 14 993
29 15 2160
29 16 2140
29 17 3244
29 18 804
29 19 2839
29 20 2625
29 21 2840
29 22 3099
29 23 1349
29 24 3124
29 25 1287
29 26 2806
29 27 2613
29 28 3413
29 29 0
29 30 2759
29 31 2314
29 32 2641
29 33 4338
30 0 1577
30 1 3702
30 2 1003
30 3 2707
30 4 2669
30 5 1216
30 6 2341
30 7 1728
30 8 1736
30 9 2357
30 10 2812
30 11 1240
30 12 3212
30 13 1069
30 14 2281
30 15 1706
30 16 3071
30 17 1112
30 18 2299
30 19 2881
30 20 1616
30 21 1037
30 22 2459
30 23 2526
30 24 1202
30 25 2640
30 26 2029
30 27 3102
30 28 1280
30 29 2857
30 30 0
30 31 1504
30 32 2185
30 33 4793
31 0 1649
31 1 3194
31 2 1612
31 3 2199
31 4 2211
31 5 1824
31 6 1883
31 7 1388
31 8 1014
31 9 1900
31 10 2354
31 11 1849
31 12 2704
31 13 1678
31 14 1636
31 15 1222
31 16 2613
31 17 1720
31 18 1791
31 19 2423
31 20 1257
31 21 1472
31 22 2001
31 23 2021
31 24 1021
31 25 2131
31 26 2069
31 27 2644
31 28 1889
31 29 2370
31 30 1235
31 31 0
31 32 1170
31 33 4335
32 0 1776
32 1 3349
32 2 2362
32 3 2354
32 4 2338
32 5 2575
32 6 2010
32 7 2139
32 8 1141
32 9 2026
32 10 2481
32 11 2599
32 12 2859
32 13 2429
32 14 1791
32 15 1496
32 16 2740
32 17 2471
32 18 1946
32 19 2550
32 20 2008
32 21 1599
32 22 2127
32 23 2176
32 24 1714
32 25 2286
32 26 2612
32 27 2771
32 28 2640
32 29 2524
32 30 1986
32 31 1087
32 32 0
32 33 4462
33 0 4062
33 1 3383
33 2 4922
33 3 2977
33 4 3458
33 5 5124
33 6 3225
33 7 5389
33 8 3652
33 9 3787
33 10 2768
33 11 5086
33 12 3850
33 13 4915
33 14 4430
33 15 4642
33 16 2403
33 17 4879
33 18 3535
33 19 2404
33 20 5229
33 21 3885
33 22 2942
33 23 3780
33 24 4265
33 25 3255
33 26 5568
33 27 3254
33 28 5048
33 29 4237
33 30 4670
33 31 4267
33 32 4264
33 33 0
